sim width:10
sim height:10
agents counts:1
items counts:10
time steps:42
begin time:1525534187.7
end time:1525534218.02
estimation mode:ABU
type selection mode:AS
iteration max:10
max depth:10
generated data number:10
reuseTree: False
#level,radius,angle
true type:l1
true parameters:1.0,0.78,0.72
#probability of type ,level,radius,angle
l1:2.82379695302e-13,0.8665364324521215,0.8371054209050077,1.1153504420588738
[0.12, 0.342042755344418, 0.033364226135310475, 0.1345584799875409, 0.3655273316998361, 0.03814541467686036, 0.0020169040212023918, 0.009571106483790752, 0.00048517250796438477, 2.4275408707536653e-05, 0.00011651255739959072, 5.826276121409708e-06, 2.7965503005995418e-05, 0.00013422007671868064, 6.7118641169193254e-06, 3.3559535683791395e-07, 1.677977321941176e-08, 8.054290632419504e-08, 3.8660583202395876e-07, 1.8557052673464752e-06, 9.278542694948343e-08, 4.6392717564303275e-09, 2.319635888439069e-10, 1.159817944475132e-11, 5.799089722439558e-13, 2.8995448612213765e-14, 1.4497724306107285e-15, 7.24886215305365e-17, 3.6244310765268256e-18, 1.739726916732876e-17, 8.350689200317802e-17, 4.008330816152543e-16, 1.923998791753218e-15, 9.235194200415377e-15, 4.61759710020773e-16, 2.216446608099706e-15, 1.1082233040498554e-16, 5.319471859439304e-16, 2.553346492530861e-15, 1.2256063164148012e-14, 5.882910318790771e-14, 2.8237969530189385e-13, 2.8237969530189385e-13]
[[0.07,0.75,0.3],[0.30357680076416205,0.5035132863852014,0.45189655090002834],[0.15332172194810573,0.3719912009356694,0.368810032210258],[0.30357680076416205,0.5035132863852014,0.45189655090002834],[0.1491537117483554,0.5316642292676976,0.32125306918565777],[0.15332172194810573,0.3719912009356694,0.368810032210258],[0.15332172194810573,0.3719912009356694,0.368810032210258],[0.2678404719215288,0.5578805391176197,0.4326268792460192],[0.15332172194810573,0.3719912009356694,0.368810032210258],[0.8665364324521267,1.115350442058877,0.8371054209050156],[0.0009017191428554196,0.14383268746213246,0.2606382469726114],[0.18132282753611592,0.31458229277975036,0.3446706703003054],[0.0009017191428554196,0.14383268746213246,0.2606382469726114],[0.1491537117483554,0.5316642292676976,0.32125306918565777],[0.8665364324521267,1.115350442058877,0.8371054209050156],[0.20893883741237124,0.5150705157026374,0.3935422692711562],[0.20893883741237124,0.5150705157026374,0.3935422692711562],[0.2678404719215288,0.5578805391176197,0.4326268792460192],[0.30357680076416205,0.5035132863852014,0.45189655090002834],[0.1491537117483554,0.5316642292676976,0.32125306918565777],[0.2490380001565217,0.59453947415242,0.40062589028654705],[0.2490380001565217,0.59453947415242,0.40062589028654705],[0.15332172194810573,0.3719912009356694,0.368810032210258],[0.8665364324521267,1.115350442058877,0.8371054209050156],[0.20893883741237124,0.5150705157026374,0.3935422692711562],[0.18132282753611592,0.31458229277975036,0.3446706703003054],[0.23551720575333937,0.6155881566331232,0.44013329248228683],[0.23551720575333937,0.6155881566331232,0.44013329248228683],[0.23551720575333937,0.6155881566331232,0.44013329248228683],[0.32736167289591067,0.6724014043953669,0.5084255488331686],[0.2678404719215288,0.5578805391176197,0.4326268792460192],[0.30357680076416205,0.5035132863852014,0.45189655090002834],[0.1491537117483554,0.5316642292676976,0.32125306918565777],[0.30357680076416205,0.5035132863852014,0.45189655090002834],[0.18132282753611592,0.31458229277975036,0.3446706703003054],[0.0009017191428554196,0.14383268746213246,0.2606382469726114],[0.2184166951542792,0.4733865695502958,0.38617905775540756],[0.16354455704460527,0.4308361198995567,0.35368060415865504],[0.0009017191428554196,0.14383268746213246,0.2606382469726114],[0.32736167289591067,0.6724014043953669,0.5084255488331686],[0.2678404719215288,0.5578805391176197,0.4326268792460192],[0.2678404719215288,0.5578805391176197,0.4326268792460192],[0.8665364324521215,1.1153504420588738,0.8371054209050077]]
l2:1.53200789552e-17,0.8665364324521215,0.8371054209050077,1.1153504420588738
[0.06, 0.171021377672209, 0.016682113067655237, 0.06727923999377045, 0.18276366584991804, 0.01907270733843018, 0.0010084520106011959, 0.004785553241895376, 0.00024258625398219239, 1.2137704353768327e-05, 6.068362364562017e-07, 3.0345188132342226e-08, 1.4565366148955945e-07, 6.990628995764616e-07, 3.4957625608954813e-08, 1.7478924835308016e-09, 8.739465218443625e-11, 4.369732330956762e-12, 2.0974708768660954e-11, 1.0067845417461344e-10, 5.033931583630828e-12, 2.5169660136883284e-13, 1.2584830123909877e-14, 6.292415063341644e-16, 3.146207531705489e-17, 1.5731037658536113e-18, 7.865518829268274e-20, 3.9327594146341416e-21, 1.9663797073170712e-22, 9.438622595121942e-22, 4.53053884565853e-21, 2.1746586459160935e-20, 1.0438361500397233e-19, 5.010413520190635e-19, 2.50520676009534e-20, 1.202499244845761e-19, 6.012496224228818e-21, 2.885998187629832e-20, 1.3852791300623165e-19, 6.649339824299054e-19, 3.1916831156633968e-18, 1.5320078955180882e-17, 1.5320078955180882e-17]
[[0.88,0.71,0.78],[0.30357680076416205,0.5035132863852014,0.45189655090002834],[0.15332172194810573,0.3719912009356694,0.368810032210258],[0.30357680076416205,0.5035132863852014,0.45189655090002834],[0.1491537117483554,0.5316642292676976,0.32125306918565777],[0.15332172194810573,0.3719912009356694,0.368810032210258],[0.15332172194810573,0.3719912009356694,0.368810032210258],[0.2678404719215288,0.5578805391176197,0.4326268792460192],[0.15332172194810573,0.3719912009356694,0.368810032210258],[0.2490380001565217,0.59453947415242,0.40062589028654705],[0.18132282753611592,0.31458229277975036,0.3446706703003054],[0.18132282753611592,0.31458229277975036,0.3446706703003054],[0.0009017191428554196,0.14383268746213246,0.2606382469726114],[0.1491537117483554,0.5316642292676976,0.32125306918565777],[0.2490380001565217,0.59453947415242,0.40062589028654705],[0.20893883741237124,0.5150705157026374,0.3935422692711562],[0.20893883741237124,0.5150705157026374,0.3935422692711562],[0.20893883741237124,0.5150705157026374,0.3935422692711562],[0.30357680076416205,0.5035132863852014,0.45189655090002834],[0.1491537117483554,0.5316642292676976,0.32125306918565777],[0.2490380001565217,0.59453947415242,0.40062589028654705],[0.2490380001565217,0.59453947415242,0.40062589028654705],[0.15332172194810573,0.3719912009356694,0.368810032210258],[0.2490380001565217,0.59453947415242,0.40062589028654705],[0.20893883741237124,0.5150705157026374,0.3935422692711562],[0.18132282753611592,0.31458229277975036,0.3446706703003054],[0.23551720575333937,0.6155881566331232,0.44013329248228683],[0.23551720575333937,0.6155881566331232,0.44013329248228683],[0.23551720575333937,0.6155881566331232,0.44013329248228683],[0.32736167289591067,0.6724014043953669,0.5084255488331686],[0.2678404719215288,0.5578805391176197,0.4326268792460192],[0.30357680076416205,0.5035132863852014,0.45189655090002834],[0.1491537117483554,0.5316642292676976,0.32125306918565777],[0.30357680076416205,0.5035132863852014,0.45189655090002834],[0.18132282753611592,0.31458229277975036,0.3446706703003054],[0.0009017191428554196,0.14383268746213246,0.2606382469726114],[0.2184166951542792,0.4733865695502958,0.38617905775540756],[0.16354455704460527,0.4308361198995567,0.35368060415865504],[0.0009017191428554196,0.14383268746213246,0.2606382469726114],[0.32736167289591067,0.6724014043953669,0.5084255488331686],[0.2678404719215288,0.5578805391176197,0.4326268792460192],[0.2678404719215288,0.5578805391176197,0.4326268792460192],[0.8665364324521215,1.1153504420588738,0.8371054209050077]]
f1:0.646341463414,0.8665364324521215,0.8371054209050077,1.1153504420588738
[0.53, 0.3147268408551069, 0.6139944392956441, 0.5158853761096402, 0.29195825768125655, 0.6093590186974343, 0.644386050369688, 0.6370621589577883, 0.6458710827514247, 0.6463179281098507, 0.6462657642943571, 0.6463376780374462, 0.6463232940084954, 0.6462542595804907, 0.6463371026639956, 0.6463412453757046, 0.6463414525126843, 0.6463414113535899, 0.646341213521698, 0.6463402639303033, 0.6463414034403119, 0.6463414604159177, 0.6463414632646983, 0.6463414634071374, 0.6463414634142591, 0.6463414634146153, 0.6463414634146332, 0.6463414634146338, 0.646341463414634, 0.646341463414634, 0.6463414634146338, 0.6463414634146336, 0.6463414634146327, 0.646341463414628, 0.6463414634146336, 0.6463414634146325, 0.6463414634146338, 0.6463414634146336, 0.6463414634146324, 0.6463414634146261, 0.646341463414596, 0.6463414634144515, 0.6463414634144515]
[[0.28,0.21,0.64],[0.8665364324521215,1.1153504420588738,0.8371054209050077],[0.8665364324521215,1.1153504420588738,0.8371054209050077],[0.8665364324521215,1.1153504420588738,0.8371054209050077],[0.8665364324521215,1.1153504420588738,0.8371054209050077],[0.8665364324521215,1.1153504420588738,0.8371054209050077],[0.8665364324521215,1.1153504420588738,0.8371054209050077],[0.8665364324521215,1.1153504420588738,0.8371054209050077],[0.8665364324521215,1.1153504420588738,0.8371054209050077],[0.8665364324521215,1.1153504420588738,0.8371054209050077],[0.8665364324521215,1.1153504420588738,0.8371054209050077],[0.8665364324521215,1.1153504420588738,0.8371054209050077],[0.8665364324521215,1.1153504420588738,0.8371054209050077],[0.8665364324521215,1.1153504420588738,0.8371054209050077],[0.8665364324521215,1.1153504420588738,0.8371054209050077],[0.8665364324521215,1.1153504420588738,0.8371054209050077],[0.8665364324521215,1.1153504420588738,0.8371054209050077],[0.8665364324521215,1.1153504420588738,0.8371054209050077],[0.8665364324521215,1.1153504420588738,0.8371054209050077],[0.8665364324521215,1.1153504420588738,0.8371054209050077],[0.8665364324521215,1.1153504420588738,0.8371054209050077],[0.8665364324521215,1.1153504420588738,0.8371054209050077],[0.8665364324521215,1.1153504420588738,0.8371054209050077],[0.8665364324521215,1.1153504420588738,0.8371054209050077],[0.8665364324521215,1.1153504420588738,0.8371054209050077],[0.8665364324521215,1.1153504420588738,0.8371054209050077],[0.8665364324521215,1.1153504420588738,0.8371054209050077],[0.8665364324521215,1.1153504420588738,0.8371054209050077],[0.8665364324521215,1.1153504420588738,0.8371054209050077],[0.8665364324521215,1.1153504420588738,0.8371054209050077],[0.8665364324521215,1.1153504420588738,0.8371054209050077],[0.8665364324521215,1.1153504420588738,0.8371054209050077],[0.8665364324521215,1.1153504420588738,0.8371054209050077],[0.8665364324521215,1.1153504420588738,0.8371054209050077],[0.8665364324521215,1.1153504420588738,0.8371054209050077],[0.8665364324521215,1.1153504420588738,0.8371054209050077],[0.8665364324521215,1.1153504420588738,0.8371054209050077],[0.8665364324521215,1.1153504420588738,0.8371054209050077],[0.8665364324521215,1.1153504420588738,0.8371054209050077],[0.8665364324521215,1.1153504420588738,0.8371054209050077],[0.8665364324521215,1.1153504420588738,0.8371054209050077],[0.8665364324521215,1.1153504420588738,0.8371054209050077],[0.8665364324521215,1.1153504420588738,0.8371054209050077]]
f2:0.353658536585,0.8665364324521215,0.8371054209050077,1.1153504420588738
[0.29, 0.172209026128266, 0.3359592215013901, 0.28227690390904836, 0.15975074476898937, 0.3334228592872753, 0.35258859359850847, 0.3485811813165256, 0.35340115848662856, 0.35364565877708815, 0.35361711631200676, 0.35365646534124423, 0.35364859483483724, 0.3536108212798912, 0.3536561505142618, 0.3536584172810459, 0.35365853062014796, 0.3536585080991341, 0.35365839985149516, 0.3536578802637509, 0.3536585037692273, 0.35365853494455884, 0.3536585365033256, 0.35365853658126395, 0.3536585365851608, 0.3536585365853557, 0.3536585365853655, 0.35365853658536595, 0.353658536585366, 0.35365853658536606, 0.35365853658536595, 0.35365853658536583, 0.35365853658536534, 0.35365853658536267, 0.35365853658536583, 0.35365853658536517, 0.35365853658536595, 0.35365853658536583, 0.3536585365853651, 0.35365853658536167, 0.35365853658534513, 0.35365853658526614, 0.3536585365852662]
[[0.08,0.6,0.11],[0.8665364324521215,1.1153504420588738,0.8371054209050077],[0.8665364324521215,1.1153504420588738,0.8371054209050077],[0.8665364324521215,1.1153504420588738,0.8371054209050077],[0.8665364324521215,1.1153504420588738,0.8371054209050077],[0.8665364324521215,1.1153504420588738,0.8371054209050077],[0.8665364324521215,1.1153504420588738,0.8371054209050077],[0.8665364324521215,1.1153504420588738,0.8371054209050077],[0.8665364324521215,1.1153504420588738,0.8371054209050077],[0.8665364324521215,1.1153504420588738,0.8371054209050077],[0.8665364324521215,1.1153504420588738,0.8371054209050077],[0.8665364324521215,1.1153504420588738,0.8371054209050077],[0.8665364324521215,1.1153504420588738,0.8371054209050077],[0.8665364324521215,1.1153504420588738,0.8371054209050077],[0.8665364324521215,1.1153504420588738,0.8371054209050077],[0.8665364324521215,1.1153504420588738,0.8371054209050077],[0.8665364324521215,1.1153504420588738,0.8371054209050077],[0.8665364324521215,1.1153504420588738,0.8371054209050077],[0.8665364324521215,1.1153504420588738,0.8371054209050077],[0.8665364324521215,1.1153504420588738,0.8371054209050077],[0.8665364324521215,1.1153504420588738,0.8371054209050077],[0.8665364324521215,1.1153504420588738,0.8371054209050077],[0.8665364324521215,1.1153504420588738,0.8371054209050077],[0.8665364324521215,1.1153504420588738,0.8371054209050077],[0.8665364324521215,1.1153504420588738,0.8371054209050077],[0.8665364324521215,1.1153504420588738,0.8371054209050077],[0.8665364324521215,1.1153504420588738,0.8371054209050077],[0.8665364324521215,1.1153504420588738,0.8371054209050077],[0.8665364324521215,1.1153504420588738,0.8371054209050077],[0.8665364324521215,1.1153504420588738,0.8371054209050077],[0.8665364324521215,1.1153504420588738,0.8371054209050077],[0.8665364324521215,1.1153504420588738,0.8371054209050077],[0.8665364324521215,1.1153504420588738,0.8371054209050077],[0.8665364324521215,1.1153504420588738,0.8371054209050077],[0.8665364324521215,1.1153504420588738,0.8371054209050077],[0.8665364324521215,1.1153504420588738,0.8371054209050077],[0.8665364324521215,1.1153504420588738,0.8371054209050077],[0.8665364324521215,1.1153504420588738,0.8371054209050077],[0.8665364324521215,1.1153504420588738,0.8371054209050077],[0.8665364324521215,1.1153504420588738,0.8371054209050077],[0.8665364324521215,1.1153504420588738,0.8371054209050077],[0.8665364324521215,1.1153504420588738,0.8371054209050077],[0.8665364324521215,1.1153504420588738,0.8371054209050077]]
