sim width:10
sim height:10
agents counts:1
items counts:10
time steps:50
begin time:1525533572.07
end time:1525533618.14
estimation mode:ABU
type selection mode:AS
iteration max:10
max depth:10
generated data number:10
reuseTree: False
#level,radius,angle
true type:l1
true parameters:1.0,0.78,0.72
#probability of type ,level,radius,angle
l1:5.16855692294e-21,0.8665364324521215,0.8371054209050077,1.1153504420588738
[0.25, 0.34582132564841495, 0.11857707509881422, 0.26210411357844915, 0.3504857716568971, 0.13048599993958976, 0.009627127104819798, 0.04219663436258172, 0.00235531616303004, 0.00011845493524573212, 0.0005684301691212791, 2.843712068570953e-05, 0.00013648318496533234, 0.0006547740385537201, 3.275941906922554e-05, 1.6380227807296097e-06, 8.1901268608956e-08, 3.9312596748222407e-07, 1.887001824473486e-06, 9.057543798110669e-06, 4.5288108747284777e-07, 2.2644064117648722e-08, 1.132203230242463e-09, 5.6610161573023206e-11, 2.830508078803411e-12, 1.415254039405512e-13, 7.07627019702851e-15, 3.538135098514279e-16, 1.7690675492571398e-17, 8.491524236434271e-17, 4.0759316334884476e-16, 1.956447184074452e-15, 9.3909464835573e-15, 4.5076543121073425e-14, 2.2538271560537678e-15, 1.081837034905799e-14, 5.409185174529051e-16, 2.596408883773939e-15, 1.2462762642114781e-14, 5.982126068214812e-14, 2.8714205127424573e-13, 1.3782818461148752e-12, 6.8914092305834e-14, 3.445704615291925e-15, 1.722852307645968e-16, 8.614261538229842e-18, 4.307130769114921e-19, 2.1535653845574605e-20, 1.0767826922787303e-21, 5.1685569229379055e-21, 5.168556922937906e-21]
[[0.76,0.95,0.47],[0.30357680076416205,0.5035132863852014,0.45189655090002834],[0.15332172194810573,0.3719912009356694,0.368810032210258],[0.30357680076416205,0.5035132863852014,0.45189655090002834],[0.1491537117483554,0.5316642292676976,0.32125306918565777],[0.15332172194810573,0.3719912009356694,0.368810032210258],[0.15332172194810573,0.3719912009356694,0.368810032210258],[0.2678404719215288,0.5578805391176197,0.4326268792460192],[0.15332172194810573,0.3719912009356694,0.368810032210258],[0.8665364324521267,1.115350442058877,0.8371054209050156],[0.0009017191428554196,0.14383268746213246,0.2606382469726114],[0.18132282753611592,0.31458229277975036,0.3446706703003054],[0.0009017191428554196,0.14383268746213246,0.2606382469726114],[0.1491537117483554,0.5316642292676976,0.32125306918565777],[0.8665364324521267,1.115350442058877,0.8371054209050156],[0.20893883741237124,0.5150705157026374,0.3935422692711562],[0.20893883741237124,0.5150705157026374,0.3935422692711562],[0.2678404719215288,0.5578805391176197,0.4326268792460192],[0.30357680076416205,0.5035132863852014,0.45189655090002834],[0.1491537117483554,0.5316642292676976,0.32125306918565777],[0.2490380001565217,0.59453947415242,0.40062589028654705],[0.2490380001565217,0.59453947415242,0.40062589028654705],[0.15332172194810573,0.3719912009356694,0.368810032210258],[0.8665364324521267,1.115350442058877,0.8371054209050156],[0.20893883741237124,0.5150705157026374,0.3935422692711562],[0.18132282753611592,0.31458229277975036,0.3446706703003054],[0.23551720575333937,0.6155881566331232,0.44013329248228683],[0.23551720575333937,0.6155881566331232,0.44013329248228683],[0.23551720575333937,0.6155881566331232,0.44013329248228683],[0.32736167289591067,0.6724014043953669,0.5084255488331686],[0.2678404719215288,0.5578805391176197,0.4326268792460192],[0.30357680076416205,0.5035132863852014,0.45189655090002834],[0.1491537117483554,0.5316642292676976,0.32125306918565777],[0.30357680076416205,0.5035132863852014,0.45189655090002834],[0.18132282753611592,0.31458229277975036,0.3446706703003054],[0.0009017191428554196,0.14383268746213246,0.2606382469726114],[0.2184166951542792,0.4733865695502958,0.38617905775540756],[0.16354455704460527,0.4308361198995567,0.35368060415865504],[0.0009017191428554196,0.14383268746213246,0.2606382469726114],[0.32736167289591067,0.6724014043953669,0.5084255488331686],[0.2678404719215288,0.5578805391176197,0.4326268792460192],[0.2678404719215288,0.5578805391176197,0.4326268792460192],[0.20893883741237124,0.5150705157026374,0.3935422692711562],[0.20893883741237124,0.5150705157026374,0.3935422692711562],[0.26312244352884384,0.5651013084402158,0.4415907555977082],[0.15332172194810573,0.3719912009356694,0.368810032210258],[0.2490380001565217,0.59453947415242,0.40062589028654705],[0.15332172194810573,0.3719912009356694,0.368810032210258],[0.8665364324521267,1.115350442058877,0.8371054209050156],[0.0009017191428554196,0.14383268746213246,0.2606382469726114],[0.8665364324521215,1.1153504420588738,0.8371054209050077]]
l2:8.97318910232e-25,0.8665364324521215,0.8371054209050077,1.1153504420588738
[0.4, 0.553314121037464, 0.1897233201581028, 0.41936658172551877, 0.5607772346510356, 0.20877759990334369, 0.01540340336771168, 0.06751461498013077, 0.0037685058608480653, 0.00018952789639317146, 9.473836152021322e-06, 4.7395201142849234e-07, 2.274719749422207e-06, 1.0912900642562006e-05, 5.459903178204258e-07, 2.7300379678826836e-08, 1.3650211434826002e-09, 6.825103602121946e-11, 3.2760448341553575e-10, 1.5724902427275466e-09, 7.86251887973694e-11, 3.931261131536236e-12, 1.9656306080598315e-13, 9.828153050872085e-15, 4.914076525700366e-16, 2.4570382628567912e-17, 1.2285191314285606e-18, 6.142595657142844e-20, 3.071297828571422e-21, 1.4742229577142824e-20, 7.076270197028552e-20, 3.3966096945737e-19, 1.6303726533953636e-18, 7.825788736297464e-18, 3.9128943681489004e-19, 1.8781892967114556e-18, 9.390946483557375e-20, 4.5076543121075305e-19, 2.1636740698115927e-18, 1.0385635535095154e-17, 4.9851050568445404e-17, 2.3928504272827677e-16, 1.1964252136429505e-17, 5.982126068215143e-19, 2.991063034107581e-20, 1.4955315170537907e-21, 7.477657585268954e-23, 3.738828792634477e-24, 1.8694143963172384e-25, 8.973189102322744e-25, 8.973189102322746e-25]
[[0.24,0.82,0.99],[0.30357680076416205,0.5035132863852014,0.45189655090002834],[0.15332172194810573,0.3719912009356694,0.368810032210258],[0.30357680076416205,0.5035132863852014,0.45189655090002834],[0.1491537117483554,0.5316642292676976,0.32125306918565777],[0.15332172194810573,0.3719912009356694,0.368810032210258],[0.15332172194810573,0.3719912009356694,0.368810032210258],[0.2678404719215288,0.5578805391176197,0.4326268792460192],[0.15332172194810573,0.3719912009356694,0.368810032210258],[0.2490380001565217,0.59453947415242,0.40062589028654705],[0.18132282753611592,0.31458229277975036,0.3446706703003054],[0.18132282753611592,0.31458229277975036,0.3446706703003054],[0.0009017191428554196,0.14383268746213246,0.2606382469726114],[0.1491537117483554,0.5316642292676976,0.32125306918565777],[0.2490380001565217,0.59453947415242,0.40062589028654705],[0.20893883741237124,0.5150705157026374,0.3935422692711562],[0.20893883741237124,0.5150705157026374,0.3935422692711562],[0.20893883741237124,0.5150705157026374,0.3935422692711562],[0.30357680076416205,0.5035132863852014,0.45189655090002834],[0.1491537117483554,0.5316642292676976,0.32125306918565777],[0.2490380001565217,0.59453947415242,0.40062589028654705],[0.2490380001565217,0.59453947415242,0.40062589028654705],[0.15332172194810573,0.3719912009356694,0.368810032210258],[0.2490380001565217,0.59453947415242,0.40062589028654705],[0.20893883741237124,0.5150705157026374,0.3935422692711562],[0.18132282753611592,0.31458229277975036,0.3446706703003054],[0.23551720575333937,0.6155881566331232,0.44013329248228683],[0.23551720575333937,0.6155881566331232,0.44013329248228683],[0.23551720575333937,0.6155881566331232,0.44013329248228683],[0.32736167289591067,0.6724014043953669,0.5084255488331686],[0.2678404719215288,0.5578805391176197,0.4326268792460192],[0.30357680076416205,0.5035132863852014,0.45189655090002834],[0.1491537117483554,0.5316642292676976,0.32125306918565777],[0.30357680076416205,0.5035132863852014,0.45189655090002834],[0.18132282753611592,0.31458229277975036,0.3446706703003054],[0.0009017191428554196,0.14383268746213246,0.2606382469726114],[0.2184166951542792,0.4733865695502958,0.38617905775540756],[0.16354455704460527,0.4308361198995567,0.35368060415865504],[0.0009017191428554196,0.14383268746213246,0.2606382469726114],[0.32736167289591067,0.6724014043953669,0.5084255488331686],[0.2678404719215288,0.5578805391176197,0.4326268792460192],[0.2678404719215288,0.5578805391176197,0.4326268792460192],[0.20893883741237124,0.5150705157026374,0.3935422692711562],[0.20893883741237124,0.5150705157026374,0.3935422692711562],[0.26312244352884384,0.5651013084402158,0.4415907555977082],[0.15332172194810573,0.3719912009356694,0.368810032210258],[0.2490380001565217,0.59453947415242,0.40062589028654705],[0.15332172194810573,0.3719912009356694,0.368810032210258],[0.2490380001565217,0.59453947415242,0.40062589028654705],[0.0009017191428554196,0.14383268746213246,0.2606382469726114],[0.8665364324521215,1.1153504420588738,0.8371054209050077]]
f1:0.428571428571,0.8665364324521215,0.8371054209050077,1.1153504420588738
[0.15, 0.04322766570605187, 0.2964426877470356, 0.1365125591554423, 0.038030140153743196, 0.2831727429244571, 0.41784405836891503, 0.38155232171026604, 0.42594693341833795, 0.4284394359292977, 0.42832375542631146, 0.4285590381117012, 0.4285119608979794, 0.42828613416891587, 0.42855715482454837, 0.4285707148615027, 0.42857139288587587, 0.42857126005962065, 0.428570619715959, 0.42856754609301934, 0.42857123444583745, 0.42857141886514477, 0.42857142808611437, 0.42857142854716285, 0.42857142857021535, 0.428571428571368, 0.42857142857142555, 0.4285714285714285, 0.4285714285714286, 0.42857142857142866, 0.4285714285714285, 0.4285714285714279, 0.42857142857142466, 0.4285714285714093, 0.4285714285714277, 0.428571428571424, 0.42857142857142844, 0.4285714285714276, 0.4285714285714233, 0.42857142857140307, 0.42857142857130565, 0.42857142857083796, 0.42857142857139924, 0.4285714285714272, 0.4285714285714286, 0.4285714285714287, 0.4285714285714287, 0.4285714285714287, 0.4285714285714287, 0.4285714285714287, 0.4285714285714287]
[[0.21,0.29,0.26],[0.8665364324521215,1.1153504420588738,0.8371054209050077],[0.8665364324521215,1.1153504420588738,0.8371054209050077],[0.8665364324521215,1.1153504420588738,0.8371054209050077],[0.8665364324521215,1.1153504420588738,0.8371054209050077],[0.8665364324521215,1.1153504420588738,0.8371054209050077],[0.8665364324521215,1.1153504420588738,0.8371054209050077],[0.8665364324521215,1.1153504420588738,0.8371054209050077],[0.8665364324521215,1.1153504420588738,0.8371054209050077],[0.8665364324521215,1.1153504420588738,0.8371054209050077],[0.8665364324521215,1.1153504420588738,0.8371054209050077],[0.8665364324521215,1.1153504420588738,0.8371054209050077],[0.8665364324521215,1.1153504420588738,0.8371054209050077],[0.8665364324521215,1.1153504420588738,0.8371054209050077],[0.8665364324521215,1.1153504420588738,0.8371054209050077],[0.8665364324521215,1.1153504420588738,0.8371054209050077],[0.8665364324521215,1.1153504420588738,0.8371054209050077],[0.8665364324521215,1.1153504420588738,0.8371054209050077],[0.8665364324521215,1.1153504420588738,0.8371054209050077],[0.8665364324521215,1.1153504420588738,0.8371054209050077],[0.8665364324521215,1.1153504420588738,0.8371054209050077],[0.8665364324521215,1.1153504420588738,0.8371054209050077],[0.8665364324521215,1.1153504420588738,0.8371054209050077],[0.8665364324521215,1.1153504420588738,0.8371054209050077],[0.8665364324521215,1.1153504420588738,0.8371054209050077],[0.8665364324521215,1.1153504420588738,0.8371054209050077],[0.8665364324521215,1.1153504420588738,0.8371054209050077],[0.8665364324521215,1.1153504420588738,0.8371054209050077],[0.8665364324521215,1.1153504420588738,0.8371054209050077],[0.8665364324521215,1.1153504420588738,0.8371054209050077],[0.8665364324521215,1.1153504420588738,0.8371054209050077],[0.8665364324521215,1.1153504420588738,0.8371054209050077],[0.8665364324521215,1.1153504420588738,0.8371054209050077],[0.8665364324521215,1.1153504420588738,0.8371054209050077],[0.8665364324521215,1.1153504420588738,0.8371054209050077],[0.8665364324521215,1.1153504420588738,0.8371054209050077],[0.8665364324521215,1.1153504420588738,0.8371054209050077],[0.8665364324521215,1.1153504420588738,0.8371054209050077],[0.8665364324521215,1.1153504420588738,0.8371054209050077],[0.8665364324521215,1.1153504420588738,0.8371054209050077],[0.8665364324521215,1.1153504420588738,0.8371054209050077],[0.8665364324521215,1.1153504420588738,0.8371054209050077],[0.8665364324521215,1.1153504420588738,0.8371054209050077],[0.8665364324521215,1.1153504420588738,0.8371054209050077],[0.8665364324521215,1.1153504420588738,0.8371054209050077],[0.8665364324521215,1.1153504420588738,0.8371054209050077],[0.8665364324521215,1.1153504420588738,0.8371054209050077],[0.8665364324521215,1.1153504420588738,0.8371054209050077],[0.8665364324521215,1.1153504420588738,0.8371054209050077],[0.8665364324521215,1.1153504420588738,0.8371054209050077],[0.8665364324521215,1.1153504420588738,0.8371054209050077]]
f2:0.571428571429,0.8665364324521215,0.8371054209050077,1.1153504420588738
[0.2, 0.057636887608069176, 0.39525691699604754, 0.18201674554058977, 0.05070685353832426, 0.3775636572326095, 0.5571254111585534, 0.5087364289470214, 0.5679292445577839, 0.5712525812390635, 0.5710983405684152, 0.5714120508156016, 0.5713492811973059, 0.5710481788918879, 0.5714095397660645, 0.5714276198153369, 0.5714285238478344, 0.5714283467461608, 0.571427492954612, 0.5714233947906925, 0.5714283125944499, 0.5714285584868597, 0.5714285707814858, 0.571428571396217, 0.5714285714269537, 0.5714285714284906, 0.5714285714285673, 0.5714285714285712, 0.5714285714285713, 0.5714285714285714, 0.5714285714285711, 0.5714285714285703, 0.5714285714285661, 0.5714285714285455, 0.5714285714285701, 0.5714285714285651, 0.571428571428571, 0.5714285714285698, 0.5714285714285641, 0.5714285714285371, 0.5714285714284072, 0.5714285714277836, 0.571428571428532, 0.5714285714285693, 0.5714285714285712, 0.5714285714285713, 0.5714285714285714, 0.5714285714285714, 0.5714285714285714, 0.5714285714285714, 0.5714285714285714]
[[0.87,0.5,0.84],[0.8665364324521215,1.1153504420588738,0.8371054209050077],[0.8665364324521215,1.1153504420588738,0.8371054209050077],[0.8665364324521215,1.1153504420588738,0.8371054209050077],[0.8665364324521215,1.1153504420588738,0.8371054209050077],[0.8665364324521215,1.1153504420588738,0.8371054209050077],[0.8665364324521215,1.1153504420588738,0.8371054209050077],[0.8665364324521215,1.1153504420588738,0.8371054209050077],[0.8665364324521215,1.1153504420588738,0.8371054209050077],[0.8665364324521215,1.1153504420588738,0.8371054209050077],[0.8665364324521215,1.1153504420588738,0.8371054209050077],[0.8665364324521215,1.1153504420588738,0.8371054209050077],[0.8665364324521215,1.1153504420588738,0.8371054209050077],[0.8665364324521215,1.1153504420588738,0.8371054209050077],[0.8665364324521215,1.1153504420588738,0.8371054209050077],[0.8665364324521215,1.1153504420588738,0.8371054209050077],[0.8665364324521215,1.1153504420588738,0.8371054209050077],[0.8665364324521215,1.1153504420588738,0.8371054209050077],[0.8665364324521215,1.1153504420588738,0.8371054209050077],[0.8665364324521215,1.1153504420588738,0.8371054209050077],[0.8665364324521215,1.1153504420588738,0.8371054209050077],[0.8665364324521215,1.1153504420588738,0.8371054209050077],[0.8665364324521215,1.1153504420588738,0.8371054209050077],[0.8665364324521215,1.1153504420588738,0.8371054209050077],[0.8665364324521215,1.1153504420588738,0.8371054209050077],[0.8665364324521215,1.1153504420588738,0.8371054209050077],[0.8665364324521215,1.1153504420588738,0.8371054209050077],[0.8665364324521215,1.1153504420588738,0.8371054209050077],[0.8665364324521215,1.1153504420588738,0.8371054209050077],[0.8665364324521215,1.1153504420588738,0.8371054209050077],[0.8665364324521215,1.1153504420588738,0.8371054209050077],[0.8665364324521215,1.1153504420588738,0.8371054209050077],[0.8665364324521215,1.1153504420588738,0.8371054209050077],[0.8665364324521215,1.1153504420588738,0.8371054209050077],[0.8665364324521215,1.1153504420588738,0.8371054209050077],[0.8665364324521215,1.1153504420588738,0.8371054209050077],[0.8665364324521215,1.1153504420588738,0.8371054209050077],[0.8665364324521215,1.1153504420588738,0.8371054209050077],[0.8665364324521215,1.1153504420588738,0.8371054209050077],[0.8665364324521215,1.1153504420588738,0.8371054209050077],[0.8665364324521215,1.1153504420588738,0.8371054209050077],[0.8665364324521215,1.1153504420588738,0.8371054209050077],[0.8665364324521215,1.1153504420588738,0.8371054209050077],[0.8665364324521215,1.1153504420588738,0.8371054209050077],[0.8665364324521215,1.1153504420588738,0.8371054209050077],[0.8665364324521215,1.1153504420588738,0.8371054209050077],[0.8665364324521215,1.1153504420588738,0.8371054209050077],[0.8665364324521215,1.1153504420588738,0.8371054209050077],[0.8665364324521215,1.1153504420588738,0.8371054209050077],[0.8665364324521215,1.1153504420588738,0.8371054209050077],[0.8665364324521215,1.1153504420588738,0.8371054209050077]]
