sim width:10
sim height:10
agents counts:1
items counts:10
time steps:42
begin time:1525534017.93
end time:1525534047.58
estimation mode:ABU
type selection mode:AS
iteration max:10
max depth:10
generated data number:10
reuseTree: False
#level,radius,angle
true type:l1
true parameters:1.0,0.78,0.72
#probability of type ,level,radius,angle
l1:5.90543214426e-17,0.8665364324521215,0.8371054209050077,1.1153504420588738
[0.22, 0.5751633986928104, 0.06340057636887608, 0.24523920111472364, 0.6093186517286147, 0.07234032836298036, 0.00388393316888734, 0.018371731812149805, 0.0009349035988870078, 4.6786733976026023e-05, 0.0002245364028501222, 1.1229215441766126e-05, 5.389793424071867e-05, 0.0002586571082369691, 1.293603410916445e-05, 6.468096542523846e-07, 3.2340502584861055e-08, 1.5523439332997153e-07, 7.761720811140295e-09, 3.725625879461724e-08, 1.862813005662233e-09, 9.31406504479401e-11, 4.657032522809075e-12, 2.3285162614148394e-13, 1.164258130707677e-14, 5.82129065353845e-16, 2.7942195136984493e-15, 1.3971097568492284e-16, 6.706126832876293e-16, 3.353063416438148e-17, 1.609470439890311e-16, 8.047352199451554e-18, 3.8627290557367454e-17, 1.854109946753637e-16, 8.899727744417453e-16, 4.4498638722087285e-17, 2.1359346586601892e-16, 1.0679673293300946e-17, 5.126243180784454e-17, 2.460596726776537e-16, 1.2302983633882688e-17, 5.90543214426369e-17, 5.905432144263689e-17]
[[0.38,0.2,0.59],[0.30357680076416205,0.5035132863852014,0.45189655090002834],[0.15332172194810573,0.3719912009356694,0.368810032210258],[0.30357680076416205,0.5035132863852014,0.45189655090002834],[0.1491537117483554,0.5316642292676976,0.32125306918565777],[0.15332172194810573,0.3719912009356694,0.368810032210258],[0.15332172194810573,0.3719912009356694,0.368810032210258],[0.2678404719215288,0.5578805391176197,0.4326268792460192],[0.15332172194810573,0.3719912009356694,0.368810032210258],[0.8665364324521267,1.115350442058877,0.8371054209050156],[0.0009017191428554196,0.14383268746213246,0.2606382469726114],[0.18132282753611592,0.31458229277975036,0.3446706703003054],[0.0009017191428554196,0.14383268746213246,0.2606382469726114],[0.1491537117483554,0.5316642292676976,0.32125306918565777],[0.8665364324521267,1.115350442058877,0.8371054209050156],[0.20893883741237124,0.5150705157026374,0.3935422692711562],[0.20893883741237124,0.5150705157026374,0.3935422692711562],[0.1491537117483554,0.5316642292676976,0.32125306918565777],[0.15332172194810573,0.3719912009356694,0.368810032210258],[0.1491537117483554,0.5316642292676976,0.32125306918565777],[0.2490380001565217,0.59453947415242,0.40062589028654705],[0.2490380001565217,0.59453947415242,0.40062589028654705],[0.15332172194810573,0.3719912009356694,0.368810032210258],[0.8665364324521267,1.115350442058877,0.8371054209050156],[0.20893883741237124,0.5150705157026374,0.3935422692711562],[0.18132282753611592,0.31458229277975036,0.3446706703003054],[0.0009017191428554196,0.14383268746213246,0.2606382469726114],[0.2490380001565217,0.59453947415242,0.40062589028654705],[0.30357680076416205,0.5035132863852014,0.45189655090002834],[0.18132282753611592,0.31458229277975036,0.3446706703003054],[0.0009017191428554196,0.14383268746213246,0.2606382469726114],[0.23551720575333937,0.6155881566331232,0.44013329248228683],[0.32736167289591067,0.6724014043953669,0.5084255488331686],[0.1491537117483554,0.5316642292676976,0.32125306918565777],[0.30357680076416205,0.5035132863852014,0.45189655090002834],[0.18132282753611592,0.31458229277975036,0.3446706703003054],[0.0009017191428554196,0.14383268746213246,0.2606382469726114],[0.2184166951542792,0.4733865695502958,0.38617905775540756],[0.19819177730555593,0.520652717851104,0.40207710729252444],[0.30357680076416205,0.5035132863852014,0.45189655090002834],[0.18132282753611592,0.31458229277975036,0.3446706703003054],[0.0009017191428554196,0.14383268746213246,0.2606382469726114],[0.8665364324521215,1.1153504420588738,0.8371054209050077]]
l2:0.0,0.8665364324521215,0.8371054209050077,1.1153504420588738
[0.0, 0.0, 0.0, 0.0, 0.0, 0.0, 0.0, 0.0, 0.0, 0.0, 0.0, 0.0, 0.0, 0.0, 0.0, 0.0, 0.0, 0.0, 0.0, 0.0, 0.0, 0.0, 0.0, 0.0, 0.0, 0.0, 0.0, 0.0, 0.0, 0.0, 0.0, 0.0, 0.0, 0.0, 0.0, 0.0, 0.0, 0.0, 0.0, 0.0, 0.0, 0.0, 0.0]
[[0.34,0.81,0.17],[0.30357680076416205,0.5035132863852014,0.45189655090002834],[0.15332172194810573,0.3719912009356694,0.368810032210258],[0.30357680076416205,0.5035132863852014,0.45189655090002834],[0.1491537117483554,0.5316642292676976,0.32125306918565777],[0.15332172194810573,0.3719912009356694,0.368810032210258],[0.15332172194810573,0.3719912009356694,0.368810032210258],[0.2678404719215288,0.5578805391176197,0.4326268792460192],[0.15332172194810573,0.3719912009356694,0.368810032210258],[0.2490380001565217,0.59453947415242,0.40062589028654705],[0.18132282753611592,0.31458229277975036,0.3446706703003054],[0.18132282753611592,0.31458229277975036,0.3446706703003054],[0.0009017191428554196,0.14383268746213246,0.2606382469726114],[0.1491537117483554,0.5316642292676976,0.32125306918565777],[0.2490380001565217,0.59453947415242,0.40062589028654705],[0.20893883741237124,0.5150705157026374,0.3935422692711562],[0.20893883741237124,0.5150705157026374,0.3935422692711562],[0.1491537117483554,0.5316642292676976,0.32125306918565777],[0.30357680076416205,0.5035132863852014,0.45189655090002834],[0.1491537117483554,0.5316642292676976,0.32125306918565777],[0.2490380001565217,0.59453947415242,0.40062589028654705],[0.2490380001565217,0.59453947415242,0.40062589028654705],[0.15332172194810573,0.3719912009356694,0.368810032210258],[0.2490380001565217,0.59453947415242,0.40062589028654705],[0.20893883741237124,0.5150705157026374,0.3935422692711562],[0.18132282753611592,0.31458229277975036,0.3446706703003054],[0.0009017191428554196,0.14383268746213246,0.2606382469726114],[0.2490380001565217,0.59453947415242,0.40062589028654705],[0.30357680076416205,0.5035132863852014,0.45189655090002834],[0.18132282753611592,0.31458229277975036,0.3446706703003054],[0.0009017191428554196,0.14383268746213246,0.2606382469726114],[0.23551720575333937,0.6155881566331232,0.44013329248228683],[0.32736167289591067,0.6724014043953669,0.5084255488331686],[0.1491537117483554,0.5316642292676976,0.32125306918565777],[0.30357680076416205,0.5035132863852014,0.45189655090002834],[0.18132282753611592,0.31458229277975036,0.3446706703003054],[0.0009017191428554196,0.14383268746213246,0.2606382469726114],[0.2184166951542792,0.4733865695502958,0.38617905775540756],[0.19819177730555593,0.520652717851104,0.40207710729252444],[0.30357680076416205,0.5035132863852014,0.45189655090002834],[0.18132282753611592,0.31458229277975036,0.3446706703003054],[0.0009017191428554196,0.14383268746213246,0.2606382469726114],[0.8665364324521215,1.1153504420588738,0.8371054209050077]]
f1:0.551282051282,0.8665364324521215,0.8371054209050077,1.1153504420588738
[0.43, 0.23420479302832245, 0.516330451488953, 0.41608608143675496, 0.2153756150726868, 0.5114021266716904, 0.5491409086376647, 0.5411540452830456, 0.5507666557083059, 0.5512562585953722, 0.5511582683933006, 0.5512758608171282, 0.5512523383183031, 0.5511394582608437, 0.5512749198786321, 0.5512816947074982, 0.5512820334533126, 0.5512819657041165, 0.5512820470031539, 0.5512820307433445, 0.5512820502551158, 0.5512820512307044, 0.5512820512794838, 0.5512820512819229, 0.5512820512820448, 0.5512820512820509, 0.5512820512820497, 0.5512820512820511, 0.5512820512820509, 0.5512820512820512, 0.5512820512820512, 0.5512820512820513, 0.5512820512820512, 0.5512820512820511, 0.5512820512820509, 0.5512820512820512, 0.5512820512820512, 0.5512820512820513, 0.5512820512820513, 0.5512820512820511, 0.5512820512820512, 0.5512820512820513, 0.5512820512820512]
[[0.56,0.29,0.11],[0.8665364324521215,1.1153504420588738,0.8371054209050077],[0.8665364324521215,1.1153504420588738,0.8371054209050077],[0.8665364324521215,1.1153504420588738,0.8371054209050077],[0.8665364324521215,1.1153504420588738,0.8371054209050077],[0.8665364324521215,1.1153504420588738,0.8371054209050077],[0.8665364324521215,1.1153504420588738,0.8371054209050077],[0.8665364324521215,1.1153504420588738,0.8371054209050077],[0.8665364324521215,1.1153504420588738,0.8371054209050077],[0.8665364324521215,1.1153504420588738,0.8371054209050077],[0.8665364324521215,1.1153504420588738,0.8371054209050077],[0.8665364324521215,1.1153504420588738,0.8371054209050077],[0.8665364324521215,1.1153504420588738,0.8371054209050077],[0.8665364324521215,1.1153504420588738,0.8371054209050077],[0.8665364324521215,1.1153504420588738,0.8371054209050077],[0.8665364324521215,1.1153504420588738,0.8371054209050077],[0.8665364324521215,1.1153504420588738,0.8371054209050077],[0.8665364324521215,1.1153504420588738,0.8371054209050077],[0.8665364324521215,1.1153504420588738,0.8371054209050077],[0.8665364324521215,1.1153504420588738,0.8371054209050077],[0.8665364324521215,1.1153504420588738,0.8371054209050077],[0.8665364324521215,1.1153504420588738,0.8371054209050077],[0.8665364324521215,1.1153504420588738,0.8371054209050077],[0.8665364324521215,1.1153504420588738,0.8371054209050077],[0.8665364324521215,1.1153504420588738,0.8371054209050077],[0.8665364324521215,1.1153504420588738,0.8371054209050077],[0.8665364324521215,1.1153504420588738,0.8371054209050077],[0.8665364324521215,1.1153504420588738,0.8371054209050077],[0.8665364324521215,1.1153504420588738,0.8371054209050077],[0.8665364324521215,1.1153504420588738,0.8371054209050077],[0.8665364324521215,1.1153504420588738,0.8371054209050077],[0.8665364324521215,1.1153504420588738,0.8371054209050077],[0.8665364324521215,1.1153504420588738,0.8371054209050077],[0.8665364324521215,1.1153504420588738,0.8371054209050077],[0.8665364324521215,1.1153504420588738,0.8371054209050077],[0.8665364324521215,1.1153504420588738,0.8371054209050077],[0.8665364324521215,1.1153504420588738,0.8371054209050077],[0.8665364324521215,1.1153504420588738,0.8371054209050077],[0.8665364324521215,1.1153504420588738,0.8371054209050077],[0.8665364324521215,1.1153504420588738,0.8371054209050077],[0.8665364324521215,1.1153504420588738,0.8371054209050077],[0.8665364324521215,1.1153504420588738,0.8371054209050077],[0.8665364324521215,1.1153504420588738,0.8371054209050077]]
f2:0.448717948718,0.8665364324521215,0.8371054209050077,1.1153504420588738
[0.35, 0.19063180827886708, 0.420268972142171, 0.33867471744852146, 0.17530573319869855, 0.41625754496532935, 0.4469751581934481, 0.4404742229048046, 0.44829844069280717, 0.44869695467065185, 0.44861719520384935, 0.44871290996742996, 0.4486937637474561, 0.4486018846309193, 0.44871214408725874, 0.4487176584828475, 0.44871793420618483, 0.4487178790614903, 0.44871794523512537, 0.44871793200039684, 0.4487179478820712, 0.448717948676155, 0.4487179487158591, 0.4487179487178444, 0.44871794871794357, 0.4487179487179485, 0.44871794871794746, 0.4487179487179487, 0.44871794871794846, 0.44871794871794873, 0.44871794871794873, 0.4487179487179488, 0.44871794871794873, 0.4487179487179486, 0.4487179487179484, 0.4487179487179487, 0.4487179487179486, 0.4487179487179487, 0.44871794871794873, 0.4487179487179486, 0.44871794871794873, 0.4487179487179488, 0.44871794871794873]
[[0.71,0.42,0.2],[0.8665364324521215,1.1153504420588738,0.8371054209050077],[0.8665364324521215,1.1153504420588738,0.8371054209050077],[0.8665364324521215,1.1153504420588738,0.8371054209050077],[0.8665364324521215,1.1153504420588738,0.8371054209050077],[0.8665364324521215,1.1153504420588738,0.8371054209050077],[0.8665364324521215,1.1153504420588738,0.8371054209050077],[0.8665364324521215,1.1153504420588738,0.8371054209050077],[0.8665364324521215,1.1153504420588738,0.8371054209050077],[0.8665364324521215,1.1153504420588738,0.8371054209050077],[0.8665364324521215,1.1153504420588738,0.8371054209050077],[0.8665364324521215,1.1153504420588738,0.8371054209050077],[0.8665364324521215,1.1153504420588738,0.8371054209050077],[0.8665364324521215,1.1153504420588738,0.8371054209050077],[0.8665364324521215,1.1153504420588738,0.8371054209050077],[0.8665364324521215,1.1153504420588738,0.8371054209050077],[0.8665364324521215,1.1153504420588738,0.8371054209050077],[0.8665364324521215,1.1153504420588738,0.8371054209050077],[0.8665364324521215,1.1153504420588738,0.8371054209050077],[0.8665364324521215,1.1153504420588738,0.8371054209050077],[0.8665364324521215,1.1153504420588738,0.8371054209050077],[0.8665364324521215,1.1153504420588738,0.8371054209050077],[0.8665364324521215,1.1153504420588738,0.8371054209050077],[0.8665364324521215,1.1153504420588738,0.8371054209050077],[0.8665364324521215,1.1153504420588738,0.8371054209050077],[0.8665364324521215,1.1153504420588738,0.8371054209050077],[0.8665364324521215,1.1153504420588738,0.8371054209050077],[0.8665364324521215,1.1153504420588738,0.8371054209050077],[0.8665364324521215,1.1153504420588738,0.8371054209050077],[0.8665364324521215,1.1153504420588738,0.8371054209050077],[0.8665364324521215,1.1153504420588738,0.8371054209050077],[0.8665364324521215,1.1153504420588738,0.8371054209050077],[0.8665364324521215,1.1153504420588738,0.8371054209050077],[0.8665364324521215,1.1153504420588738,0.8371054209050077],[0.8665364324521215,1.1153504420588738,0.8371054209050077],[0.8665364324521215,1.1153504420588738,0.8371054209050077],[0.8665364324521215,1.1153504420588738,0.8371054209050077],[0.8665364324521215,1.1153504420588738,0.8371054209050077],[0.8665364324521215,1.1153504420588738,0.8371054209050077],[0.8665364324521215,1.1153504420588738,0.8371054209050077],[0.8665364324521215,1.1153504420588738,0.8371054209050077],[0.8665364324521215,1.1153504420588738,0.8371054209050077],[0.8665364324521215,1.1153504420588738,0.8371054209050077]]
