sim width:10
sim height:10
agents counts:1
items counts:10
time steps:55
begin time:1525533917.27
end time:1525533976.28
estimation mode:ABU
type selection mode:AS
iteration max:10
max depth:10
generated data number:10
reuseTree: False
#level,radius,angle
true type:l1
true parameters:1.0,0.78,0.72
#probability of type ,level,radius,angle
l1:1.83202610839e-29,0.8665364324521215,0.8371054209050077,1.1153504420588738
[0.28, 0.03571428571428572, 0.1308411214953271, 0.2939632545931758, 0.04063860667634252, 0.002228589621139764, 0.00011197133533815343, 5.599928320917493e-06, 2.799998208001147e-07, 1.3439958712446834e-06, 6.719998967808158e-08, 3.359999974195199e-09, 1.612799973640397e-08, 8.063999993410098e-10, 3.870719984816867e-09, 1.857945565018065e-08, 9.28972799125451e-10, 4.644863999781361e-11, 2.322431999994533e-12, 1.1147673599874056e-11, 5.573836799992895e-13, 2.6754416639836364e-12, 1.3377208319995895e-13, 6.688604159999891e-15, 3.3443020799999928e-16, 1.672151039999998e-17, 8.36075519999999e-19, 4.180377599999995e-20, 2.0065812479999973e-19, 1.0032906239999985e-20, 4.815794995199992e-20, 2.3115815976959955e-19, 1.1557907988479977e-20, 5.778953994239988e-22, 2.889476997119993e-23, 1.3869489586175963e-22, 6.934744793087981e-24, 3.32867750068223e-23, 1.6643387503411147e-24, 8.321693751705573e-26, 3.994413000818674e-25, 1.9972065004093367e-26, 9.586591201964814e-26, 4.793295600982407e-27, 2.3007818884715548e-26, 1.1503909442357773e-27, 5.52187653233173e-27, 2.760938266165865e-28, 1.325250367759615e-27, 6.626251838798073e-29, 3.3131259193990366e-30, 1.5903004413115372e-29, 7.633442118295378e-29, 3.816721059147688e-30, 1.8320261083908896e-29, 1.8320261083908894e-29]
[[0.9,0.62,0.52],[0.15332172194810573,0.3719912009356694,0.368810032210258],[0.30357680076416205,0.5035132863852014,0.45189655090002834],[0.30357680076416205,0.5035132863852014,0.45189655090002834],[0.15332172194810573,0.3719912009356694,0.368810032210258],[0.20893883741237124,0.5150705157026374,0.3935422692711562],[0.2490380001565217,0.59453947415242,0.40062589028654705],[0.15332172194810573,0.3719912009356694,0.368810032210258],[0.15332172194810573,0.3719912009356694,0.368810032210258],[0.2678404719215288,0.5578805391176197,0.4326268792460192],[0.15332172194810573,0.3719912009356694,0.368810032210258],[0.8665364324521267,1.115350442058877,0.8371054209050156],[0.0009017191428554196,0.14383268746213246,0.2606382469726114],[0.18132282753611592,0.31458229277975036,0.3446706703003054],[0.0009017191428554196,0.14383268746213246,0.2606382469726114],[0.1491537117483554,0.5316642292676976,0.32125306918565777],[0.8665364324521267,1.115350442058877,0.8371054209050156],[0.20893883741237124,0.5150705157026374,0.3935422692711562],[0.20893883741237124,0.5150705157026374,0.3935422692711562],[0.1491537117483554,0.5316642292676976,0.32125306918565777],[0.15332172194810573,0.3719912009356694,0.368810032210258],[0.1491537117483554,0.5316642292676976,0.32125306918565777],[0.2490380001565217,0.59453947415242,0.40062589028654705],[0.2490380001565217,0.59453947415242,0.40062589028654705],[0.15332172194810573,0.3719912009356694,0.368810032210258],[0.8665364324521267,1.115350442058877,0.8371054209050156],[0.20893883741237124,0.5150705157026374,0.3935422692711562],[0.18132282753611592,0.31458229277975036,0.3446706703003054],[0.0009017191428554196,0.14383268746213246,0.2606382469726114],[0.2490380001565217,0.59453947415242,0.40062589028654705],[0.30357680076416205,0.5035132863852014,0.45189655090002834],[0.1491537117483554,0.5316642292676976,0.32125306918565777],[0.2490380001565217,0.59453947415242,0.40062589028654705],[0.20893883741237124,0.5150705157026374,0.3935422692711562],[0.15332172194810573,0.3719912009356694,0.368810032210258],[0.30357680076416205,0.5035132863852014,0.45189655090002834],[0.20893883741237124,0.5150705157026374,0.3935422692711562],[0.30357680076416205,0.5035132863852014,0.45189655090002834],[0.8665364324521267,1.115350442058877,0.8371054209050156],[0.18132282753611592,0.31458229277975036,0.3446706703003054],[0.0009017191428554196,0.14383268746213246,0.2606382469726114],[0.18132282753611592,0.31458229277975036,0.3446706703003054],[0.16354455704460527,0.4308361198995567,0.35368060415865504],[0.20893883741237124,0.5150705157026374,0.3935422692711562],[0.30357680076416205,0.5035132863852014,0.45189655090002834],[0.20893883741237124,0.5150705157026374,0.3935422692711562],[0.30357680076416205,0.5035132863852014,0.45189655090002834],[0.15332172194810573,0.3719912009356694,0.368810032210258],[0.30357680076416205,0.5035132863852014,0.45189655090002834],[0.15332172194810573,0.3719912009356694,0.368810032210258],[0.2184166951542792,0.4733865695502958,0.38617905775540756],[0.19819177730555593,0.520652717851104,0.40207710729252444],[0.30357680076416205,0.5035132863852014,0.45189655090002834],[0.18132282753611592,0.31458229277975036,0.3446706703003054],[0.0009017191428554196,0.14383268746213246,0.2606382469726114],[0.8665364324521215,1.1153504420588738,0.8371054209050077]]
l2:2.26124365379e-27,0.8665364324521215,0.8371054209050077,1.1153504420588738
[0.36, 0.04591836734693878, 0.16822429906542055, 0.37795275590551175, 0.052249637155297526, 0.0028653295128939823, 0.00014396314543476868, 7.199907841179632e-06, 3.599997696001474e-07, 1.727994691600307e-06, 8.639998672896202e-08, 4.3199999668223985e-09, 2.1599999646969598e-10, 1.0799999991174236e-11, 5.1839999796654454e-11, 2.4883199531491935e-10, 1.2441599988287286e-11, 6.220799999707177e-13, 3.110399999992676e-14, 1.492991999983132e-13, 7.166361599990863e-13, 3.43985356797896e-12, 1.719926783999472e-13, 8.59963391999986e-15, 4.299816959999991e-16, 2.1499084799999977e-17, 1.074954239999999e-18, 5.3747711999999946e-20, 2.579890175999997e-19, 1.2899450879999982e-20, 6.191736422399991e-20, 2.972033482751995e-19, 1.4860167413759975e-20, 7.430083706879986e-22, 3.7150418534399924e-23, 1.7832200896511962e-22, 8.916100448255979e-24, 4.279728215162869e-23, 2.139864107581434e-24, 1.0699320537907167e-25, 5.135673858195439e-25, 2.5678369290977192e-26, 1.232561725966905e-25, 5.916296284641142e-25, 2.839822216627748e-24, 1.4199111083138737e-25, 6.815573319906592e-25, 3.4077866599532955e-26, 1.6357375967775814e-25, 8.178687983887906e-27, 4.089343991943952e-28, 1.9628851161330965e-27, 9.421848557438861e-27, 4.71092427871943e-28, 2.2612436537853257e-27, 2.2612436537853257e-27]
[[0.8,0.44,0.68],[0.15332172194810573,0.3719912009356694,0.368810032210258],[0.30357680076416205,0.5035132863852014,0.45189655090002834],[0.30357680076416205,0.5035132863852014,0.45189655090002834],[0.15332172194810573,0.3719912009356694,0.368810032210258],[0.20893883741237124,0.5150705157026374,0.3935422692711562],[0.2490380001565217,0.59453947415242,0.40062589028654705],[0.15332172194810573,0.3719912009356694,0.368810032210258],[0.15332172194810573,0.3719912009356694,0.368810032210258],[0.2678404719215288,0.5578805391176197,0.4326268792460192],[0.15332172194810573,0.3719912009356694,0.368810032210258],[0.2490380001565217,0.59453947415242,0.40062589028654705],[0.18132282753611592,0.31458229277975036,0.3446706703003054],[0.18132282753611592,0.31458229277975036,0.3446706703003054],[0.0009017191428554196,0.14383268746213246,0.2606382469726114],[0.1491537117483554,0.5316642292676976,0.32125306918565777],[0.2490380001565217,0.59453947415242,0.40062589028654705],[0.20893883741237124,0.5150705157026374,0.3935422692711562],[0.20893883741237124,0.5150705157026374,0.3935422692711562],[0.1491537117483554,0.5316642292676976,0.32125306918565777],[0.30357680076416205,0.5035132863852014,0.45189655090002834],[0.1491537117483554,0.5316642292676976,0.32125306918565777],[0.2490380001565217,0.59453947415242,0.40062589028654705],[0.2490380001565217,0.59453947415242,0.40062589028654705],[0.15332172194810573,0.3719912009356694,0.368810032210258],[0.2490380001565217,0.59453947415242,0.40062589028654705],[0.20893883741237124,0.5150705157026374,0.3935422692711562],[0.18132282753611592,0.31458229277975036,0.3446706703003054],[0.0009017191428554196,0.14383268746213246,0.2606382469726114],[0.2490380001565217,0.59453947415242,0.40062589028654705],[0.30357680076416205,0.5035132863852014,0.45189655090002834],[0.1491537117483554,0.5316642292676976,0.32125306918565777],[0.2490380001565217,0.59453947415242,0.40062589028654705],[0.20893883741237124,0.5150705157026374,0.3935422692711562],[0.15332172194810573,0.3719912009356694,0.368810032210258],[0.30357680076416205,0.5035132863852014,0.45189655090002834],[0.20893883741237124,0.5150705157026374,0.3935422692711562],[0.30357680076416205,0.5035132863852014,0.45189655090002834],[0.2490380001565217,0.59453947415242,0.40062589028654705],[0.18132282753611592,0.31458229277975036,0.3446706703003054],[0.0009017191428554196,0.14383268746213246,0.2606382469726114],[0.18132282753611592,0.31458229277975036,0.3446706703003054],[0.16354455704460527,0.4308361198995567,0.35368060415865504],[0.2678404719215288,0.5578805391176197,0.4326268792460192],[0.30357680076416205,0.5035132863852014,0.45189655090002834],[0.20893883741237124,0.5150705157026374,0.3935422692711562],[0.30357680076416205,0.5035132863852014,0.45189655090002834],[0.15332172194810573,0.3719912009356694,0.368810032210258],[0.30357680076416205,0.5035132863852014,0.45189655090002834],[0.15332172194810573,0.3719912009356694,0.368810032210258],[0.2184166951542792,0.4733865695502958,0.38617905775540756],[0.19819177730555593,0.520652717851104,0.40207710729252444],[0.30357680076416205,0.5035132863852014,0.45189655090002834],[0.18132282753611592,0.31458229277975036,0.3446706703003054],[0.0009017191428554196,0.14383268746213246,0.2606382469726114],[0.8665364324521215,1.1153504420588738,0.8371054209050077]]
f1:0.888888888889,0.8665364324521215,0.8371054209050077,1.1153504420588738
[0.32, 0.8163265306122449, 0.6230529595015576, 0.2916302128900554, 0.8063215610385422, 0.8843609607697478, 0.8886613915726463, 0.888877511256745, 0.8888883200003641, 0.8888861582306108, 0.8888887523555765, 0.8888888820622223, 0.8888888743608893, 0.888888888162489, 0.8888888854021688, 0.8888888721526332, 0.888888888052076, 0.8888888888470483, 0.888888888886797, 0.8888888888788471, 0.8888888888877565, 0.8888888888834531, 0.8888888888886171, 0.8888888888888754, 0.8888888888888881, 0.8888888888888888, 0.888888888888889, 0.888888888888889, 0.888888888888889, 0.888888888888889, 0.888888888888889, 0.888888888888889, 0.888888888888889, 0.888888888888889, 0.888888888888889, 0.888888888888889, 0.888888888888889, 0.888888888888889, 0.888888888888889, 0.888888888888889, 0.888888888888889, 0.888888888888889, 0.888888888888889, 0.888888888888889, 0.888888888888889, 0.888888888888889, 0.888888888888889, 0.888888888888889, 0.888888888888889, 0.888888888888889, 0.888888888888889, 0.888888888888889, 0.888888888888889, 0.888888888888889, 0.888888888888889, 0.888888888888889]
[[0.44,0.79,0.25],[0.8665364324521215,1.1153504420588738,0.8371054209050077],[0.8665364324521215,1.1153504420588738,0.8371054209050077],[0.8665364324521215,1.1153504420588738,0.8371054209050077],[0.8665364324521215,1.1153504420588738,0.8371054209050077],[0.8665364324521215,1.1153504420588738,0.8371054209050077],[0.8665364324521215,1.1153504420588738,0.8371054209050077],[0.8665364324521215,1.1153504420588738,0.8371054209050077],[0.8665364324521215,1.1153504420588738,0.8371054209050077],[0.8665364324521215,1.1153504420588738,0.8371054209050077],[0.8665364324521215,1.1153504420588738,0.8371054209050077],[0.8665364324521215,1.1153504420588738,0.8371054209050077],[0.8665364324521215,1.1153504420588738,0.8371054209050077],[0.8665364324521215,1.1153504420588738,0.8371054209050077],[0.8665364324521215,1.1153504420588738,0.8371054209050077],[0.8665364324521215,1.1153504420588738,0.8371054209050077],[0.8665364324521215,1.1153504420588738,0.8371054209050077],[0.8665364324521215,1.1153504420588738,0.8371054209050077],[0.8665364324521215,1.1153504420588738,0.8371054209050077],[0.8665364324521215,1.1153504420588738,0.8371054209050077],[0.8665364324521215,1.1153504420588738,0.8371054209050077],[0.8665364324521215,1.1153504420588738,0.8371054209050077],[0.8665364324521215,1.1153504420588738,0.8371054209050077],[0.8665364324521215,1.1153504420588738,0.8371054209050077],[0.8665364324521215,1.1153504420588738,0.8371054209050077],[0.8665364324521215,1.1153504420588738,0.8371054209050077],[0.8665364324521215,1.1153504420588738,0.8371054209050077],[0.8665364324521215,1.1153504420588738,0.8371054209050077],[0.8665364324521215,1.1153504420588738,0.8371054209050077],[0.8665364324521215,1.1153504420588738,0.8371054209050077],[0.8665364324521215,1.1153504420588738,0.8371054209050077],[0.8665364324521215,1.1153504420588738,0.8371054209050077],[0.8665364324521215,1.1153504420588738,0.8371054209050077],[0.8665364324521215,1.1153504420588738,0.8371054209050077],[0.8665364324521215,1.1153504420588738,0.8371054209050077],[0.8665364324521215,1.1153504420588738,0.8371054209050077],[0.8665364324521215,1.1153504420588738,0.8371054209050077],[0.8665364324521215,1.1153504420588738,0.8371054209050077],[0.8665364324521215,1.1153504420588738,0.8371054209050077],[0.8665364324521215,1.1153504420588738,0.8371054209050077],[0.8665364324521215,1.1153504420588738,0.8371054209050077],[0.8665364324521215,1.1153504420588738,0.8371054209050077],[0.8665364324521215,1.1153504420588738,0.8371054209050077],[0.8665364324521215,1.1153504420588738,0.8371054209050077],[0.8665364324521215,1.1153504420588738,0.8371054209050077],[0.8665364324521215,1.1153504420588738,0.8371054209050077],[0.8665364324521215,1.1153504420588738,0.8371054209050077],[0.8665364324521215,1.1153504420588738,0.8371054209050077],[0.8665364324521215,1.1153504420588738,0.8371054209050077],[0.8665364324521215,1.1153504420588738,0.8371054209050077],[0.8665364324521215,1.1153504420588738,0.8371054209050077],[0.8665364324521215,1.1153504420588738,0.8371054209050077],[0.8665364324521215,1.1153504420588738,0.8371054209050077],[0.8665364324521215,1.1153504420588738,0.8371054209050077],[0.8665364324521215,1.1153504420588738,0.8371054209050077],[0.8665364324521215,1.1153504420588738,0.8371054209050077]]
f2:0.111111111111,0.8665364324521215,0.8371054209050077,1.1153504420588738
[0.04, 0.10204081632653061, 0.0778816199376947, 0.03645377661125693, 0.10079019512981778, 0.11054512009621847, 0.11108267394658079, 0.11110968890709312, 0.11111104000004551, 0.11111076977882635, 0.11111109404444706, 0.11111111025777778, 0.11111110929511116, 0.11111111102031113, 0.1111111106752711, 0.11111110901907915, 0.1111111110065095, 0.11111111110588104, 0.11111111111084962, 0.11111111110985589, 0.11111111111096957, 0.11111111111043163, 0.11111111111107713, 0.11111111111110943, 0.11111111111111101, 0.1111111111111111, 0.11111111111111112, 0.11111111111111112, 0.11111111111111112, 0.11111111111111112, 0.11111111111111112, 0.11111111111111112, 0.11111111111111112, 0.11111111111111112, 0.11111111111111112, 0.11111111111111112, 0.11111111111111112, 0.11111111111111112, 0.11111111111111112, 0.11111111111111112, 0.11111111111111112, 0.11111111111111112, 0.11111111111111112, 0.11111111111111112, 0.11111111111111112, 0.11111111111111112, 0.11111111111111112, 0.11111111111111112, 0.11111111111111112, 0.11111111111111112, 0.11111111111111112, 0.11111111111111112, 0.11111111111111112, 0.11111111111111112, 0.11111111111111112, 0.11111111111111112]
[[0.3,0.98,0.63],[0.8665364324521215,1.1153504420588738,0.8371054209050077],[0.8665364324521215,1.1153504420588738,0.8371054209050077],[0.8665364324521215,1.1153504420588738,0.8371054209050077],[0.8665364324521215,1.1153504420588738,0.8371054209050077],[0.8665364324521215,1.1153504420588738,0.8371054209050077],[0.8665364324521215,1.1153504420588738,0.8371054209050077],[0.8665364324521215,1.1153504420588738,0.8371054209050077],[0.8665364324521215,1.1153504420588738,0.8371054209050077],[0.8665364324521215,1.1153504420588738,0.8371054209050077],[0.8665364324521215,1.1153504420588738,0.8371054209050077],[0.8665364324521215,1.1153504420588738,0.8371054209050077],[0.8665364324521215,1.1153504420588738,0.8371054209050077],[0.8665364324521215,1.1153504420588738,0.8371054209050077],[0.8665364324521215,1.1153504420588738,0.8371054209050077],[0.8665364324521215,1.1153504420588738,0.8371054209050077],[0.8665364324521215,1.1153504420588738,0.8371054209050077],[0.8665364324521215,1.1153504420588738,0.8371054209050077],[0.8665364324521215,1.1153504420588738,0.8371054209050077],[0.8665364324521215,1.1153504420588738,0.8371054209050077],[0.8665364324521215,1.1153504420588738,0.8371054209050077],[0.8665364324521215,1.1153504420588738,0.8371054209050077],[0.8665364324521215,1.1153504420588738,0.8371054209050077],[0.8665364324521215,1.1153504420588738,0.8371054209050077],[0.8665364324521215,1.1153504420588738,0.8371054209050077],[0.8665364324521215,1.1153504420588738,0.8371054209050077],[0.8665364324521215,1.1153504420588738,0.8371054209050077],[0.8665364324521215,1.1153504420588738,0.8371054209050077],[0.8665364324521215,1.1153504420588738,0.8371054209050077],[0.8665364324521215,1.1153504420588738,0.8371054209050077],[0.8665364324521215,1.1153504420588738,0.8371054209050077],[0.8665364324521215,1.1153504420588738,0.8371054209050077],[0.8665364324521215,1.1153504420588738,0.8371054209050077],[0.8665364324521215,1.1153504420588738,0.8371054209050077],[0.8665364324521215,1.1153504420588738,0.8371054209050077],[0.8665364324521215,1.1153504420588738,0.8371054209050077],[0.8665364324521215,1.1153504420588738,0.8371054209050077],[0.8665364324521215,1.1153504420588738,0.8371054209050077],[0.8665364324521215,1.1153504420588738,0.8371054209050077],[0.8665364324521215,1.1153504420588738,0.8371054209050077],[0.8665364324521215,1.1153504420588738,0.8371054209050077],[0.8665364324521215,1.1153504420588738,0.8371054209050077],[0.8665364324521215,1.1153504420588738,0.8371054209050077],[0.8665364324521215,1.1153504420588738,0.8371054209050077],[0.8665364324521215,1.1153504420588738,0.8371054209050077],[0.8665364324521215,1.1153504420588738,0.8371054209050077],[0.8665364324521215,1.1153504420588738,0.8371054209050077],[0.8665364324521215,1.1153504420588738,0.8371054209050077],[0.8665364324521215,1.1153504420588738,0.8371054209050077],[0.8665364324521215,1.1153504420588738,0.8371054209050077],[0.8665364324521215,1.1153504420588738,0.8371054209050077],[0.8665364324521215,1.1153504420588738,0.8371054209050077],[0.8665364324521215,1.1153504420588738,0.8371054209050077],[0.8665364324521215,1.1153504420588738,0.8371054209050077],[0.8665364324521215,1.1153504420588738,0.8371054209050077],[0.8665364324521215,1.1153504420588738,0.8371054209050077]]
