sim width:10
sim height:10
agents counts:1
items counts:10
time steps:32
begin time:1525534218.32
end time:1525534233.13
estimation mode:ABU
type selection mode:AS
iteration max:10
max depth:10
generated data number:10
reuseTree: False
#level,radius,angle
true type:l1
true parameters:1.0,0.78,0.72
#probability of type ,level,radius,angle
l1:1.05826006775e-15,0.8665364324521215,0.8371054209050077,1.1153504420588738
[0.17, 0.26086956521739124, 0.07103064066852367, 0.1804777351813624, 0.26580285564342454, 0.07901702136816505, 0.005248743560569239, 0.023640727892346253, 0.0012764717837858873, 6.40795617795615e-05, 0.0003075499585293103, 1.5382099551120707e-05, 7.382965922823096e-05, 0.0003542805946829911, 1.772013626172927e-05, 8.86022084931377e-07, 4.252891346497327e-06, 2.0413540676508664e-05, 1.020694935930718e-06, 4.8992730959299636e-06, 2.449674105983444e-07, 1.2248379919573e-08, 6.124190194528082e-10, 3.06209510313258e-11, 1.5310475517130032e-12, 7.655237758601694e-14, 3.674514124125292e-13, 1.8372570620647585e-14, 9.186285310324321e-16, 4.409416948955623e-15, 2.204708474477842e-16, 1.058260067749361e-15, 1.0582600677493612e-15]
[[0.88,0.89,0.35],[0.30357680076416205,0.5035132863852014,0.45189655090002834],[0.15332172194810573,0.3719912009356694,0.368810032210258],[0.30357680076416205,0.5035132863852014,0.45189655090002834],[0.1491537117483554,0.5316642292676976,0.32125306918565777],[0.15332172194810573,0.3719912009356694,0.368810032210258],[0.15332172194810573,0.3719912009356694,0.368810032210258],[0.2678404719215288,0.5578805391176197,0.4326268792460192],[0.15332172194810573,0.3719912009356694,0.368810032210258],[0.8665364324521267,1.115350442058877,0.8371054209050156],[0.0009017191428554196,0.14383268746213246,0.2606382469726114],[0.18132282753611592,0.31458229277975036,0.3446706703003054],[0.0009017191428554196,0.14383268746213246,0.2606382469726114],[0.1491537117483554,0.5316642292676976,0.32125306918565777],[0.8665364324521267,1.115350442058877,0.8371054209050156],[0.23551720575333937,0.6155881566331232,0.44013329248228683],[0.32736167289591067,0.6724014043953669,0.5084255488331686],[0.1491537117483554,0.5316642292676976,0.32125306918565777],[0.15332172194810573,0.3719912009356694,0.368810032210258],[0.1491537117483554,0.5316642292676976,0.32125306918565777],[0.2490380001565217,0.59453947415242,0.40062589028654705],[0.2490380001565217,0.59453947415242,0.40062589028654705],[0.15332172194810573,0.3719912009356694,0.368810032210258],[0.8665364324521267,1.115350442058877,0.8371054209050156],[0.20893883741237124,0.5150705157026374,0.3935422692711562],[0.18132282753611592,0.31458229277975036,0.3446706703003054],[0.0009017191428554196,0.14383268746213246,0.2606382469726114],[-0.06795719319630239,-0.10889159067758196,0.1285933615310505],[0.14099024136121974,0.36699733535803436,0.30694729457789877],[0.30357680076416205,0.5035132863852014,0.45189655090002834],[0.18132282753611592,0.31458229277975036,0.3446706703003054],[0.0009017191428554196,0.14383268746213246,0.2606382469726114],[0.8665364324521215,1.1153504420588738,0.8371054209050077]]
l2:2.4277730966e-15,0.8665364324521215,0.8371054209050077,1.1153504420588738
[0.39, 0.5984654731457799, 0.16295264623955433, 0.41403715718077266, 0.6097830217702095, 0.1812743431387317, 0.012041235227188262, 0.05423461104714733, 0.0029283764451558613, 0.00014700605349428827, 7.3495394501489646e-06, 3.6758693780251716e-07, 1.7643117094981676e-06, 8.466264211174427e-06, 4.234591386075013e-07, 2.117332188255131e-08, 1.0163159467732594e-07, 4.878235823430384e-07, 2.3415942647822376e-06, 1.1239508867133456e-05, 5.619840596079671e-07, 2.809922452137337e-08, 1.4049612799211492e-09, 7.024806413068867e-11, 3.5124032068710106e-12, 1.7562016034439197e-13, 8.429767696522736e-13, 4.214883848266214e-14, 2.1074419241332283e-15, 1.0115721235839376e-14, 5.057860617919758e-16, 2.427773096601477e-15, 2.427773096601477e-15]
[[0.01,0.88,0.61],[0.30357680076416205,0.5035132863852014,0.45189655090002834],[0.15332172194810573,0.3719912009356694,0.368810032210258],[0.30357680076416205,0.5035132863852014,0.45189655090002834],[0.1491537117483554,0.5316642292676976,0.32125306918565777],[0.15332172194810573,0.3719912009356694,0.368810032210258],[0.15332172194810573,0.3719912009356694,0.368810032210258],[0.2678404719215288,0.5578805391176197,0.4326268792460192],[0.15332172194810573,0.3719912009356694,0.368810032210258],[0.2490380001565217,0.59453947415242,0.40062589028654705],[0.18132282753611592,0.31458229277975036,0.3446706703003054],[0.18132282753611592,0.31458229277975036,0.3446706703003054],[0.0009017191428554196,0.14383268746213246,0.2606382469726114],[0.1491537117483554,0.5316642292676976,0.32125306918565777],[0.2490380001565217,0.59453947415242,0.40062589028654705],[0.23551720575333937,0.6155881566331232,0.44013329248228683],[0.32736167289591067,0.6724014043953669,0.5084255488331686],[0.1491537117483554,0.5316642292676976,0.32125306918565777],[0.30357680076416205,0.5035132863852014,0.45189655090002834],[0.1491537117483554,0.5316642292676976,0.32125306918565777],[0.2490380001565217,0.59453947415242,0.40062589028654705],[0.2490380001565217,0.59453947415242,0.40062589028654705],[0.15332172194810573,0.3719912009356694,0.368810032210258],[0.2490380001565217,0.59453947415242,0.40062589028654705],[0.20893883741237124,0.5150705157026374,0.3935422692711562],[0.18132282753611592,0.31458229277975036,0.3446706703003054],[0.0009017191428554196,0.14383268746213246,0.2606382469726114],[-0.06795719319630239,-0.10889159067758196,0.1285933615310505],[0.14099024136121974,0.36699733535803436,0.30694729457789877],[0.30357680076416205,0.5035132863852014,0.45189655090002834],[0.18132282753611592,0.31458229277975036,0.3446706703003054],[0.0009017191428554196,0.14383268746213246,0.2606382469726114],[0.8665364324521215,1.1153504420588738,0.8371054209050077]]
f1:0.75,0.8665364324521215,0.8371054209050077,1.1153504420588738
[0.33, 0.10549872122762147, 0.5745125348189416, 0.30411383072839876, 0.09331059193977455, 0.5547814766198275, 0.7370325159091818, 0.6915934957953798, 0.7468463638282936, 0.7498416857885445, 0.7497638253765154, 0.7499881877351332, 0.7499433045217966, 0.7497279398558292, 0.7499863923034495, 0.7499993196034447, 0.749996734107794, 0.7499843239768057, 0.7499974782830994, 0.7499878959135277, 0.7499993947863971, 0.7499999697392966, 0.7499999984869646, 0.7499999999243482, 0.7499999999962174, 0.7499999999998108, 0.7499999999990921, 0.7499999999999545, 0.7499999999999977, 0.749999999999989, 0.7499999999999994, 0.7499999999999973, 0.7499999999999973]
[[0.43,0.81,0.15],[0.8665364324521215,1.1153504420588738,0.8371054209050077],[0.8665364324521215,1.1153504420588738,0.8371054209050077],[0.8665364324521215,1.1153504420588738,0.8371054209050077],[0.8665364324521215,1.1153504420588738,0.8371054209050077],[0.8665364324521215,1.1153504420588738,0.8371054209050077],[0.8665364324521215,1.1153504420588738,0.8371054209050077],[0.8665364324521215,1.1153504420588738,0.8371054209050077],[0.8665364324521215,1.1153504420588738,0.8371054209050077],[0.8665364324521215,1.1153504420588738,0.8371054209050077],[0.8665364324521215,1.1153504420588738,0.8371054209050077],[0.8665364324521215,1.1153504420588738,0.8371054209050077],[0.8665364324521215,1.1153504420588738,0.8371054209050077],[0.8665364324521215,1.1153504420588738,0.8371054209050077],[0.8665364324521215,1.1153504420588738,0.8371054209050077],[0.8665364324521215,1.1153504420588738,0.8371054209050077],[0.8665364324521215,1.1153504420588738,0.8371054209050077],[0.8665364324521215,1.1153504420588738,0.8371054209050077],[0.8665364324521215,1.1153504420588738,0.8371054209050077],[0.8665364324521215,1.1153504420588738,0.8371054209050077],[0.8665364324521215,1.1153504420588738,0.8371054209050077],[0.8665364324521215,1.1153504420588738,0.8371054209050077],[0.8665364324521215,1.1153504420588738,0.8371054209050077],[0.8665364324521215,1.1153504420588738,0.8371054209050077],[0.8665364324521215,1.1153504420588738,0.8371054209050077],[0.8665364324521215,1.1153504420588738,0.8371054209050077],[0.8665364324521215,1.1153504420588738,0.8371054209050077],[0.8665364324521215,1.1153504420588738,0.8371054209050077],[0.8665364324521215,1.1153504420588738,0.8371054209050077],[0.8665364324521215,1.1153504420588738,0.8371054209050077],[0.8665364324521215,1.1153504420588738,0.8371054209050077],[0.8665364324521215,1.1153504420588738,0.8371054209050077],[0.8665364324521215,1.1153504420588738,0.8371054209050077]]
f2:0.25,0.8665364324521215,0.8371054209050077,1.1153504420588738
[0.11, 0.035166240409207156, 0.19150417827298052, 0.10137127690946625, 0.031103530646591517, 0.18492715887327585, 0.24567750530306065, 0.23053116526512663, 0.2489487879427646, 0.24994722859618154, 0.2499212751255052, 0.2499960625783778, 0.24998110150726566, 0.24990931328527652, 0.24999546410115, 0.2499997732011484, 0.24999891136926483, 0.2499947746589354, 0.24999915942769996, 0.2499959653045094, 0.24999979826213256, 0.24999998991309905, 0.24999999949565505, 0.24999999997478284, 0.2499999999987392, 0.24999999999993702, 0.24999999999969746, 0.24999999999998493, 0.24999999999999933, 0.24999999999999642, 0.24999999999999992, 0.24999999999999922, 0.24999999999999925]
[[0.57,0.31,0.54],[0.8665364324521215,1.1153504420588738,0.8371054209050077],[0.8665364324521215,1.1153504420588738,0.8371054209050077],[0.8665364324521215,1.1153504420588738,0.8371054209050077],[0.8665364324521215,1.1153504420588738,0.8371054209050077],[0.8665364324521215,1.1153504420588738,0.8371054209050077],[0.8665364324521215,1.1153504420588738,0.8371054209050077],[0.8665364324521215,1.1153504420588738,0.8371054209050077],[0.8665364324521215,1.1153504420588738,0.8371054209050077],[0.8665364324521215,1.1153504420588738,0.8371054209050077],[0.8665364324521215,1.1153504420588738,0.8371054209050077],[0.8665364324521215,1.1153504420588738,0.8371054209050077],[0.8665364324521215,1.1153504420588738,0.8371054209050077],[0.8665364324521215,1.1153504420588738,0.8371054209050077],[0.8665364324521215,1.1153504420588738,0.8371054209050077],[0.8665364324521215,1.1153504420588738,0.8371054209050077],[0.8665364324521215,1.1153504420588738,0.8371054209050077],[0.8665364324521215,1.1153504420588738,0.8371054209050077],[0.8665364324521215,1.1153504420588738,0.8371054209050077],[0.8665364324521215,1.1153504420588738,0.8371054209050077],[0.8665364324521215,1.1153504420588738,0.8371054209050077],[0.8665364324521215,1.1153504420588738,0.8371054209050077],[0.8665364324521215,1.1153504420588738,0.8371054209050077],[0.8665364324521215,1.1153504420588738,0.8371054209050077],[0.8665364324521215,1.1153504420588738,0.8371054209050077],[0.8665364324521215,1.1153504420588738,0.8371054209050077],[0.8665364324521215,1.1153504420588738,0.8371054209050077],[0.8665364324521215,1.1153504420588738,0.8371054209050077],[0.8665364324521215,1.1153504420588738,0.8371054209050077],[0.8665364324521215,1.1153504420588738,0.8371054209050077],[0.8665364324521215,1.1153504420588738,0.8371054209050077],[0.8665364324521215,1.1153504420588738,0.8371054209050077],[0.8665364324521215,1.1153504420588738,0.8371054209050077]]
