sim width:10
sim height:10
agents counts:1
items counts:10
time steps:34
begin time:1525534263.65
end time:1525534280.91
estimation mode:ABU
type selection mode:AS
iteration max:10
max depth:10
generated data number:10
reuseTree: False
#level,radius,angle
true type:l1
true parameters:1.0,0.78,0.72
#probability of type ,level,radius,angle
l1:3.66608103108e-16,1.1758689631666424,1.5260113490782046,2.073409810208012
[0.29, 0.49291784702549574, 0.01401191818328233, 0.004687752572875693, 0.010523344891541001, 0.014208173328827118, 0.01532621264977326, 0.01099875830854876, 0.0016546631969691968, 0.005665993283894416, 0.0004318168269418463, 2.217201477272858e-05, 0.00010655786259262362, 5.328785983991072e-06, 2.5577315468063082e-05, 0.00012275136692809806, 6.138753223644017e-06, 3.0694062397575835e-07, 1.4733121507798607e-06, 7.0718652162662504e-06, 3.3944034631680945e-05, 0.00016291020946876134, 8.146779912208301e-06, 4.07342169726664e-07, 2.0367116421688752e-08, 1.0183558409228346e-09, 5.091779209573773e-11, 2.5458896049108763e-12, 1.2220270103453175e-11, 6.110135051798005e-13, 3.055067525900788e-14, 1.5275337629504387e-15, 7.637668814752204e-17, 3.6660810310810566e-16, 3.666081031081057e-16]
[[0.57,0.5,0.33],[0.3542028088841182,0.5688023489194747,0.4263668466205016],[0.12649193240428144,0.3405037793165009,0.28331894725191015],[0.23652975732861586,0.48394425134425967,0.4129629068989266],[0.21615624868171043,0.46157092836280295,0.36831657560350217],[0.26449700052039266,0.5545099097095711,0.4510706131374338],[0.11965539363112068,0.2872786643179615,0.39953339492388823],[0.2062181857688393,0.5500134922722884,0.19925633016413488],[0.1127818198603842,0.3850897341307634,0.41136138421366664],[0.18844397478063019,0.47031121618151195,0.3125763363853987],[0.13805230660186815,0.18922047072861012,0.3880217038842973],[0.7319400983352131,1.3131549655665595,1.3788742964612761],[0.00019771914378057114,0.2040598783419579,0.13608748584698452],[0.19381039579289117,0.3159503847933983,0.27615853605932933],[0.07188614421897128,0.2673379824182179,0.07999560951922406],[0.09415709270379312,0.3879613985824165,0.4573123665869578],[0.8005595218019685,1.35735007163842,0.5591155468829447],[0.17065803794466486,0.20446293972919186,0.23470921481370216],[0.06413144034526576,0.23836241058135066,0.12306459449112517],[0.2661708427666606,0.3658454722600465,0.5354420416185156],[0.3264501201706887,0.3960165980399698,0.4139210390350708],[0.09297462926019706,0.21121362004792768,0.3075098976153042],[0.2741117781110228,0.336318382039384,0.4623733665375774],[0.24487932251049535,0.43460273660539467,0.34957552009893955],[0.12177856745274049,0.34013388599307576,0.36108804483750023],[2.1852749071110456,1.369176803079354,1.5626278928661599],[0.25286225747923946,0.45406140266869005,0.379929150851709],[0.20587949289379112,0.33585437786114714,0.25122724009286157],[0.04232759449752187,0.07229332567459235,0.1879440747091067],[-0.26823686507671207,0.01944978444008989,-0.2488312376607634],[0.17684951169748253,0.45001481533427157,0.5926211327298929],[0.17293656927310128,0.26149945012114606,0.1283602085497107],[0.4935363927095134,1.1088840213623403,1.120704624066233],[0.11607104789764575,0.273645188528895,0.15044368757999924],[1.1758689631666424,2.073409810208012,1.5260113490782046]]
l2:2.50199495656e-18,0.602346756091761,2.045273295387893,0.8966039048441858
[0.19, 0.3229461756373938, 0.881301336769206, 0.29484347216983675, 0.6618821062817515, 0.8936451086820921, 0.9639659266616013, 0.6917839708549293, 0.10407260935420055, 0.35637143964908347, 0.02715978939110097, 0.0013945432739812746, 6.981377204344312e-05, 3.491273575718291e-06, 1.6757551513558583e-05, 8.042330936668499e-05, 4.021941767215048e-06, 2.0109902950135906e-07, 9.652734780971507e-07, 4.8263447955840107e-08, 2.316582823282825e-07, 1.111815366345714e-06, 5.559943187211129e-08, 2.7799932560368615e-09, 1.3899971695836443e-10, 6.9499859833095794e-12, 3.474992995039574e-13, 1.7374964976044066e-14, 8.339983188419917e-14, 4.169991594258699e-15, 2.084995797130568e-16, 1.0424978985653144e-17, 5.21248949282658e-19, 2.5019949565567578e-18, 2.501994956556758e-18]
[[0.23,0.11,0.76],[0.3598207248861363,0.6352265822573555,0.5257729844019208],[0.23213552191988396,0.3843775668276173,0.35501634432226603],[0.3785662251951062,0.3739109303816869,0.4435952568819378],[0.36991093589125035,0.46980608385667094,0.5277572658526786],[0.3938387054431348,0.4944070471299488,0.356787372249911],[0.18002722293563153,0.2838788582068824,0.21864739369174346],[0.21453164248330844,0.2943840584515921,0.3950955778605545],[0.24287946658373008,0.38056452046629946,0.2192940948422984],[0.33339392060194234,0.6574352867988731,0.44569326228000083],[0.13333783570950947,0.3240010494762383,0.40795572979825306],[0.2330730617041521,0.6722960888141102,0.30085872042867723],[0.16386820234972027,0.2698745531424892,0.3648186222122293],[0.19593988074418958,0.35286618578886253,0.29076193929751015],[0.11850667972584658,0.10303435287659916,0.1689965190284879],[0.1168962181462299,0.3533512275301573,0.291064268875389],[0.2123303661388732,0.4035679256196206,0.29009265771972326],[0.15945761455009946,0.22624197493501508,0.3282538508562003],[0.06434955065715678,0.10262542891478592,0.2051571960838147],[0.24933507679533823,0.32346400265243125,0.46071374100813733],[0.3185320115965432,0.4541212116322731,0.584977924176073],[0.10554540155748102,0.404156304023281,0.22737539334800122],[0.22921222679887077,0.2962981549342142,0.48661297187420277],[0.30283634730949366,0.36963291909662793,0.31856757319205703],[0.16386555484557153,0.3465321091592638,0.31863364843521635],[0.21851548624574324,0.5039688680720055,0.5578706797688462],[0.22474092412820176,0.46813869226018917,0.39841307844842755],[0.16673272406935585,0.298108323802288,0.35934733475551395],[-0.01015543857738043,0.11741720337689225,0.16708639009915932],[0.07559837432591565,0.0565172946633987,-0.3889828300775741],[0.2954910108949508,0.49616080508685806,0.5422930169641541],[0.26907768277939875,0.3559123768547624,0.23079747885994206],[0.20351565779191577,0.37465457826602305,0.6229455954001366],[-0.11683545960577027,0.186300147031713,0.23361912231234344],[0.602346756091761,0.8966039048441858,2.045273295387893]]
f1:0.365384615385,1.0478825808626289,0.9585081620397746,1.500910000415662
[0.19, 0.06728045325779038, 0.038250926075052344, 0.2559405140363166, 0.11969800822514313, 0.033668993111394895, 0.007566333713151606, 0.10859861819026764, 0.32675349656784175, 0.2331017071975658, 0.35530306695879205, 0.3648669694137245, 0.36532017190272914, 0.3653813926705454, 0.3653691468755259, 0.3653103784836615, 0.3653809028229841, 0.365384429754742, 0.36538372436294325, 0.36538201379914187, 0.36537212811220443, 0.3653246842601563, 0.3653816183613935, 0.36538446553228654, 0.36538460789199595, 0.3653846150099843, 0.36538461536588374, 0.36538461538367867, 0.3653846153801196, 0.3653846153843904, 0.36538461538460393, 0.36538461538461464, 0.36538461538461514, 0.365384615384615, 0.365384615384615]
[[0.03,0.18,0.57],[2.0461818689434312,0.9546709086171419,1.2312305127606604],[0.6383046831766412,1.5355771105904068,1.123807291246291],[0.2481790635616746,0.7279147788562289,0.9137410711078708],[0.9588996590840371,0.4580250862994143,0.8702372015092588],[1.0692196537444842,0.9015234611429808,0.8539261720271547],[0.8825655775722151,1.3678024829597832,0.5555638849632463],[0.8133256647701124,0.7881910363781702,1.3483582009583308],[1.1325171127792613,0.7663625542108993,1.2120211307954625],[0.8223911538988625,1.028615993765856,1.5595240862979565],[1.649253647707304,1.4452018337150179,1.1649298435159503],[1.0121341435127023,1.0902591609900176,1.51685008188247],[1.0228503949276966,1.301184504632958,1.7663860134463498],[1.3337258869231703,0.9406927230631945,1.328302982390874],[0.762588122381507,1.6153725369051872,1.0691973619934174],[1.006587083412928,0.6249453012231777,0.6819831820340172],[1.7997053476919782,1.26000178129801,1.1046108511533776],[0.6811441815118784,0.7313159942449492,0.9902301417110868],[0.7300864330834085,1.2759137466749981,0.9286637788050287],[0.8695921996531617,0.9995678034813735,0.4068889536033753],[1.5266895971129695,1.1070538461606094,0.8322007498020083],[0.979522105981907,1.991537849570183,1.0648355675152896],[0.8824494297663993,0.7660985514231372,1.1146084405423076],[0.8054842312208012,1.50720344210209,0.9598615026357098],[0.9391454157889096,1.0873222226446264,1.5053248413958797],[0.8227285490260549,1.016057266162576,0.8894934805259107],[0.8565376838689506,1.1580652912733915,1.1197653277416326],[0.8327521325380861,0.7598948437573596,1.2192820033672824],[0.41247139800704896,0.9406690898769219,1.290741234551123],[0.9829476016428071,0.8803150560327702,1.571682425462318],[0.7497571592299356,1.1810029593112357,1.1164103994191015],[1.440298226058648,0.8289697211061349,1.4827886202599732],[0.966760388668189,1.161285951711783,0.6098954691168784],[1.3869119215089818,2.7844608822358716,1.4996236283133968],[1.0478825808626289,1.500910000415662,0.9585081620397746]]
f2:0.634615384615,0.5991441766300319,1.0991257055051302,1.4686664758407906
[0.33, 0.11685552407932012, 0.06643581897245933, 0.4445282612209709, 0.20789654060156437, 0.05847772487768587, 0.013141526975473841, 0.18861865264625433, 0.5675192308809883, 0.4048608598694564, 0.6171053268231652, 0.6337163152975216, 0.6345034564626348, 0.6346097872698948, 0.6345885182574925, 0.6344864468400437, 0.6346089364820251, 0.6346150622056046, 0.6346138370514278, 0.6346108660721939, 0.6345936961948815, 0.6345112937150085, 0.6346101792592626, 0.6346151243455505, 0.6346153716018879, 0.6346153839647097, 0.6346153845828509, 0.6346153846137581, 0.6346153846075766, 0.6346153846149943, 0.6346153846153653, 0.6346153846153839, 0.6346153846153848, 0.6346153846153846, 0.6346153846153846]
[[0.54,0.93,0.51],[0.9591982113012936,1.3036240832486028,0.9930534783399224],[0.449700535250838,1.2448153135587119,1.2680887132338756],[1.5339392437828372,0.9654891545666899,1.897477923356729],[0.6275235562534024,0.8868337731850714,1.3292787706453315],[1.232953648848767,1.3525289199274706,1.7142096080691942],[0.5416658646131393,0.6688943307765892,1.44785533321572],[0.9713784554643115,1.50185977899014,0.9632279304332296],[0.590382837802084,0.9515177788227843,1.481950091306897],[1.168382846126751,1.1912079425976099,1.5787534631859585],[1.858071754234199,1.2058907492801136,1.1922714901356075],[0.8902271870108649,1.547503075606898,1.0543696516765209],[1.399739488622013,1.8688756434960443,0.9811719347523497],[1.0819640957922703,0.7681565633162354,1.1175575639572188],[0.9436773955156952,0.9923541619138332,0.8898162062317457],[1.397904924627049,1.3913840778946265,1.4610410917516696],[0.742817685491368,1.4145258489948431,0.7875651632726672],[0.8871680496088459,1.2593931478205085,1.07706691870323],[1.1117032347791402,0.7420302391571161,1.0237447333717697],[0.9308437548336137,0.8162388894952693,1.7812582170024203],[1.0907357540521139,1.2545820158148586,1.5047204310228426],[0.48396907010483126,0.6342019338131006,1.3799868831192188],[0.37333020385703936,0.7200947278082696,0.869761373213132],[0.5843599248367776,1.4551727283814675,0.8311919528468792],[0.9657728835819432,1.1013122743655341,1.8058941885547806],[1.3311220438405669,0.6337181682867222,2.600849664414597],[0.8129518225310207,1.805160599579016,0.5035605562022033],[1.276617206382236,1.1789267953384672,0.7270040533021982],[1.2720105848680172,0.9225192181134398,1.4243085250689889],[0.6109685024194185,1.102614235885974,1.1990058901500664],[1.3298427419407315,1.987265547034017,1.3278767277937849],[1.1143448261439173,0.4643495443479235,0.9725682702429195],[1.1793264540715258,0.6332422738000848,1.4868759610048412],[1.2431971507012132,1.3338112008664784,0.8525898957952318],[0.5991441766300319,1.4686664758407906,1.0991257055051302]]
